n     k     h     res     time
10    4     0.4   1230    632
10    4     0.6   815     487
10    9     0.4   876     412
10    9     0.6   583     392
20    4     0.4   5236    1378
20    4     0.6   3317    1378
20    9     0.4   2097    1302
20    9     0.6   2196    1310
50    4     0.4   20127   730
50    4     0.6   16550   736
50    9     0.4   21450   43998
50    9     0.6   16831   8095
100   4     0.4   88943   2433
100   4     0.6   91644   2506
100   9     0.4   79195   2438
100   9     0.6   75030   2437
200   4     0.4   392731  5273
200   4     0.6   349337  5287
200   9     0.4   338414  5100
200   9     0.6   318289  5253
500   4     0.4   2163964 13650
500   4     0.6   2076735 13586
500   9     0.4   2229774 13564
500   9     0.6   2129463 13698
1000  4     0.4   8170665 26568
1000  4     0.6   7797684 27126
1000  9     0.4   8216878 28376
1000  9     0.6   8212339 27545
